-26.415402082534168
-29.809098244069343
-25.19782843887658
-30.156667208119334
-24.315720427394858
-24.60008881099321
-25.091302305270645
-26.22538781406843
-23.07077739389748
-21.620379336348428
-26.63477724177738
-27.789307228762112
-26.501748815871505
-29.118614419984883
-24.122051435727894
-24.26621415694783
-28.098199956523455
-26.96856544790703
-25.160394290512127
-27.09462119436063
-26.553083852260144
-28.852727276413756
-30.36537669082876
-30.397323688067026
-31.149793473017358
-30.884195391246465
-29.319199465537853
-31.85422899411483
-31.510537582586732
-31.83279377874404
-29.853383037964583
-31.16738675133801
-28.980032318814313
-30.325449650825124
-29.572590658198067
-28.609233092496556
-28.369852884938304
-31.921369067824642
-30.323319092832392
-29.10742672491402
-30.173503166102133
-30.11288933932152
-31.308028848214235
-25.869622780719162
-31.4683665424607
-29.89478348514828
-30.688542405446476
-28.701036417337413
-31.199354876512864
-28.92616599485234
-30.406996610546997
-30.950596725787367
-30.8862534264372
-32.19469527105398
-33.10386015390191
-32.092619834060265
-26.028865975649342
-30.832973896035046
-31.963440415304152
-29.93731130304788
-28.283600836708416
-30.68043295432855
-31.431331027086795
-30.478097047505358
-32.539344478224415
-34.326555065932176
-32.204453256451636
-31.85881391968945
-32.34223646622791
-28.082994364258436
