-31.347090690543446
-37.75469722855813
-29.95585085853731
-37.90212634376418
-28.94769510576994
-32.571026998810176
-26.007673537398883
-28.131408717942815
-30.048556394305706
-25.264105609298873
-28.710939977075228
-27.470133754452988
-26.187616145180176
-32.565970374451176
-26.34432427497667
-32.806411051281586
-28.315540618540723
-26.147306339196742
-27.90749803861961
-30.34026049675999
-27.5264843620776
-33.767941783008546
-27.931854024177618
-25.51711584190093
-34.48350212047505
-33.11359007262018
-27.11513553007934
-27.7183511289868
-32.18057306946174
-25.6120622111884
-29.03602453330668
-25.74414651609574
-26.403925262565448
-28.507895037310906
-29.753685001990846
-29.328515469292313
-31.176623258677434
-26.733541004600657
-25.310388558708265
-26.072383377397042
-26.810841441498887
-29.036393483306792
-26.794106062924456
-29.67372759673865
-28.580050330820047
-27.901012239577582
-30.64628183078072
-27.33572877992031
-29.64263863375801
-29.739079572039536
-29.27471367048536
-30.656765606854872
-30.36671822956461
-29.243222105352352
-29.457276553854612
-31.0613365443918
-25.301594265542644
-27.425487895302254
-25.465529442269798
-24.88935730022564
-24.7234311990721
-25.603057359049455
-25.087371379817316
-25.751138174334088
-25.38233257080657
-27.402118350605488
-26.108341042194386
-26.211164558288182
-27.019106614422746
-24.730682346775914
-25.838564236057927
-29.41672830277587
-26.08854570618395
-25.819906116769523
-25.861123307457415
-25.391431945418116
-24.922523016241758
-26.92584169570933
-27.358946081150687
-26.690647132007815
-27.24711594296409
-26.850935389180396
-25.287798582431254
-26.352502781916268
-26.379568632208187
-27.356473699866534
-29.475121474117703
-27.056258895268353
-27.098980408991192
-29.254648289689122
-30.61374664219296
-29.542531511450058
-30.316669889167507
-32.58903952327849
-26.590432143539147
-30.150637864233403
-30.53867307533556
-30.42676104003638
-28.69088536493154
-29.99946434590299
-28.354639641999924
-30.59184042156304
-30.97711690294094
-31.303597163521637
-30.292820699782347
-29.61050673041692
-29.30163135508622
-28.667210022811815
-28.418658892883304
-27.985282454773934
-26.37755739147178
-28.731372847784044
-27.416525929009193
-27.443864224638105
-26.532089749181754
-27.758431224795803
-28.298633922799752
-26.139384176076977
-27.488299206732098
-26.36403505366044
-27.565119391267572
-27.04025447137949
-26.81012118714235
-28.609563531556578
-28.381992582771108
-28.95538800988842
-30.60151794107529
-28.502620029166035
-29.415600550420045
-27.162935565387905
-26.996486717428915
-27.45532757148549
-26.947825638353702
-28.244670913978542
-27.916057263600052
-28.18458771112916
-28.30809468330264
-26.967456187672838
-27.780425811526573
-24.30960098519248
-24.59597626476971
-26.635521950100898
-26.74079652322016
-28.01306427687629
-28.112216591778267
-29.619478775685927
-27.00996920736183
-28.254284416565547
-28.5310820204994
-30.004054441800694
