-15.256179993334616
-19.17781170564461
-15.505957064088545
-19.056926011670573
-15.042476813266013
-16.04395313365007
-14.248912398556133
-15.967807811581649
-15.013320032199555
-13.59331781842445
-16.21779022809838
-18.481757725477106
-14.085589684111499
-16.72849047168641
-16.390976190579348
-18.215123143425206
-18.04471699085427
-16.185260679403804
-15.763759910740545
-16.315584138619656
-15.435603423408452
-16.64364518810776
-16.307670013811293
-14.380488391260373
-17.651271632108777
-16.552115507462368
-14.808448605723731
-14.505546934342636
-16.59766594416968
-15.755463534112867
-16.329575348154748
-16.48935130238497
-14.766821117220411
-16.247035694867513
-16.858055526937314
-16.48797434067069
-16.245334939422815
-14.994418538969864
-18.32896240894006
-14.181000802818204
-16.438519424838876
-16.54526442063339
-13.904697100099028
-15.346391864948638
-15.565474686081338
-13.786021261256474
-16.108687707536397
-17.023849179324532
-18.031048810185318
-17.044460523615296
-15.533667111874747
-16.374010712581843
-16.25655730386816
-16.462341401476824
-16.21005373456947
-17.60358536887104
-14.527945828831161
-16.212445462930486
-16.354652209444275
-15.64734883270065
-14.590224037744214
-14.013239637927677
-15.423302157856229
-14.63327230639079
-16.23050518173538
-18.428573142144817
-16.329507797606045
-16.865689110954428
-16.88087501785462
-14.541390994171683
-15.684465893720994
-17.734311096577734
-16.381062115067394
-15.308057455140908
-15.378121632613723
-15.70643291400923
-15.52636585150626
-16.184156427504643
-16.23013897717053
-16.115239960097103
-17.135176105766938
-15.65443993215691
-16.150799882446393
-16.164560449314784
-15.979297765966278
-13.922015407947367
-16.24637806935426
-16.32220632780553
-15.629552988664386
-15.418109130646235
-13.86495591627511
-14.209517314832501
-16.242608505192354
-16.309510788644637
-14.444385297882377
-13.606163624231343
-13.775219518046883
-16.314791297604827
-14.923857637878328
-15.749540853505131
-14.353516108672727
-14.88467210790271
-15.786178327525576
-16.724264989098867
-15.76481179665091
-15.056366587480358
-15.56364796976247
-17.696112039065248
-16.18620794626252
-13.80590154599167
-16.348624240083563
-16.030538190305606
-13.960282400829216
-16.207453852699345
-16.432701392782285
-17.243906842924535
-16.246164167756884
-16.985001347751847
-16.986541432617777
-16.128935077643856
-15.972889055097392
-15.531897194488128
-16.672379503425606
-16.39286850285557
-16.038624273604608
-17.999824839157764
-15.753099052130041
-15.788730265044467
-17.944780574310105
-15.65793965988947
-16.420676599939913
-16.455355679909793
-16.72001700077619
-17.859478521063217
-17.590829105956097
-16.748148283925975
-16.70238585357546
-17.351624473975917
-16.219348310335477
-17.188187947919992
-16.860378388841482
-17.92636689729724
-17.398015202228216
-16.951592465415626
-15.11960585825922
-15.023403040421103
-16.894442861641135
-16.517297618148902
-16.74163442005245
-16.801440064498728
