-18.763303997137935
-23.486899043770535
-20.114256682660645
-23.77663847859953
-21.130254186755103
-22.5469332747928
-18.33386076702067
-21.16815768825281
-21.299319637733262
-19.03025671467835
-22.668814301997774
-20.208933952513046
-19.288211001157674
-25.058157768299072
-19.266465691986188
-19.442282414927128
-21.661090583789143
-21.692624926883628
-18.349958939301096
-19.53161269845843
-20.022149247653797
-19.461536784197733
-18.95728096346372
-18.131153179921135
-21.533983588731807
-19.124009423886115
-19.762640254291508
-18.569633530795993
-17.33260812981359
-17.457950998906185
-20.60992901557293
-21.948467557605653
-18.61761031964729
-17.59491371288092
-18.4056864429754
-19.18664665594485
-20.015867861723393
-20.67445693073639
-18.609441262265573
-17.721026525768433
-18.123040490594256
-18.63085901874637
-17.57367416843123
-18.358543687515592
-19.915277847755895
-16.801326893458604
-18.08382243512573
-19.45923379014288
-18.579322028980446
-20.03675146446394
-19.0861729747271
-19.363116835095205
-17.9932862929759
-19.46322815463234
-22.733132014186086
-22.074296651470743
-16.610437260883252
-18.67780874050681
-20.81503255527306
-17.83764696824216
-17.40805312634032
-17.67858442365811
-17.067245533431425
-18.995486252134953
-18.387540154041716
-20.272280108388376
-18.98335039630727
-22.340553361775758
-21.67748737344549
-17.74364390447185
-22.298260288143524
-22.829018088214127
-23.55702804034807
-19.822810307400967
-18.7393217105325
-19.411556993101716
-20.30438004710131
-18.695070788551618
-19.597190250105918
-19.575232482721642
-20.116832775899656
-22.37709003319318
-19.045838594784858
-19.458363238571028
-18.946664558819787
-20.66272125947549
-19.12112878390607
-20.657629790643057
-20.237029093349324
-18.67250967119363
-19.763683554631925
-17.110234789456705
-19.35335698570795
-24.267664849648614
-19.03274697511077
-18.84732756542073
-19.074192618949976
-19.64851007482782
-19.066036965352907
-18.33782073993543
