-12.883408717875872
-17.091497253134172
-13.48753889295794
-16.0544785412905
-14.756531338829117
-13.509336238322202
-13.108729014673969
-13.280586682776246
-13.968174629437701
-12.509442509017743
-14.773636947349281
-15.210493145914
-12.794883607452801
-15.707135098147386
-13.597565501169045
-13.651178016569975
-14.618864275430544
-13.27652231485056
-12.965700936378363
-14.526632802813682
-13.701035547600844
-14.822900043658622
-14.29790877726571
-13.243686593018065
-14.525505520310393
-13.817100058712963
-13.688862451643578
-13.12985562284918
-13.296346398817066
-13.310719851521473
-13.813178445465992
-13.264050866264213
-13.262000486563212
-13.688145845273324
-14.261679683651215
-13.295962758624135
-13.87633396076829
-13.896707210001368
-13.283834615480737
-12.796330194494228
-13.042314284222115
-13.217347300175586
-13.160552913798082
-13.82159805608124
-13.036604490913312
-12.959106742219106
-14.381785883184905
-13.621376026215634
-14.59825833968886
-15.2253196471009
