-23.688810681088505
-23.25572375577392
-18.26230976172796
-21.676165335189307
-17.517279957990695
-15.96965090695376
-16.252658685662297
-16.19612121625669
-15.798663267568697
-15.692197716278228
-20.12726281101158
-17.849032901765952
-15.959011581548959
-20.73868544154279
-16.504608836608337
-15.641277296567674
-16.99701401675262
-17.758858996899185
-16.96360771749166
-15.825044866853334
-16.52923669848206
-16.72478738016287
-17.61369491410946
-15.513961303722509
-16.492444336182317
-15.311922312081768
-15.823930405922525
-16.171714285498304
-15.996368496544287
-15.684819525152943
-15.419885479728952
-15.878182687921003
-15.87394915299354
-15.687272714330105
-15.686442251765722
-15.799861377879026
-15.588890088833166
-15.858173883449025
-16.03758584330682
-15.718618447784024
-15.792017681211822
-15.892430458573045
-15.831947031347186
-15.494087077311857
-15.870873502625706
-15.87380455871734
-15.498888741960808
-15.923306211750377
-15.45506351987821
-15.718803934466425
