-15.478997354516748
-17.6501735134316
-17.78617851576977
-17.730723361670965
-17.430634095710104
-17.19282061074101
-17.24864148328815
-17.3803222521963
-17.253317350871246
-17.244631805807458
-17.36793522393032
-17.383842454558238
-16.964455217953855
-19.175286885095506
-17.08726001662965
-17.09903068370472
-17.094743897305115
-17.1195091584044
-17.11896261009394
-16.81727105718628
-16.818537783149736
-16.8120497123705
-16.84075129190888
-16.926007858148733
-16.54748213683416
-16.93593983714844
-16.801978034631684
-16.750599376521752
-16.870446199438245
-16.818742917640456
-16.7714740973223
-16.81546963090422
-16.39932621528355
-16.870528752981407
-16.79233648302673
-16.87896795796083
-16.54483659344943
-16.595548479798044
-16.61950323118946
-16.51677928570081
-16.54171839335259
-16.493562450298086
-16.4623849002129
-16.864259511185768
-16.580615284169777
-16.67725400810983
-16.94131561551544
-16.56983166571475
-16.507987302876597
-16.60766091816262
