-0.4982495334175613
-0.7442180270163836
-0.4534711220674842
-0.7998744853019428
-0.5282881422331542
-0.6076377434540371
-0.4283214074053623
-0.5847623776391297
-0.5879536098236829
-0.40531853075651547
-0.6894888843550012
-0.41350617199379003
-0.4423419405210436
-0.6886663846717785
-0.476770433774461
-0.6498827216496779
-0.5253837971123293
-0.47823572277818477
-0.5239732338567016
-0.6055465126283395
-0.5542744318507439
-0.6042807619451435
-0.5501852906023091
-0.4716507356345342
-0.5406549935727744
-0.5194466337813447
-0.4909150331762465
-0.7879368416747478
-0.641961651082325
-0.39668136384062935
-0.6315174023622224
-0.4560751817011855
-0.4717330270621683
-0.4404907655854979
-0.596851638891738
-0.48200854602373755
-0.5898894708545692
-0.5620577574965391
-0.6561053038593547
-0.4274179349884665
-0.4062881494088452
-0.4943266025271809
-0.4386530675849516
-0.5355061805211289
-0.5618083005363924
-0.4065560718357609
-0.7463316474120953
-0.6382665716394222
-0.6175175277710081
-0.5719266697683559
-0.5868654859144949
-0.5378336137501278
-0.6231809178391678
-0.6444599844750116
-0.7156005876901281
-0.6175390877622225
-0.38593422029964636
-0.4052636907973258
-0.720417888204326
-0.3731674662009712
-0.37481082237332586
-0.3822647591800473
-0.43955302418779657
-0.49072126952747075
-0.5295465794592891
-0.5930092187200573
-0.5095821653763268
-0.6696535530434796
-0.7371601983804825
-0.354802413188618
-0.7539949348009108
-0.5959808951360435
-0.6910581847738189
-0.5040324843830204
-0.460676396282306
-0.4622204059768193
-0.4492524687882893
-0.5398003734270925
-0.6057683403278851
-0.45535145269635885
-0.4709672966197006
-0.886003083126915
-0.5297628102759798
-0.48587502039585745
-0.5732037438046468
-0.6162590030022022
-0.41178102030210667
-0.5280831271050326
-0.5566228190472629
-0.5403400750528544
-0.4575626931070696
-0.596980776724009
-0.4885896512179537
-0.7245075590518357
