-39.694940677292855
-39.469768494351335
-39.63323093664975
-51.499049921280566
-38.93948056034437
-38.90193978327139
-38.97788025909976
-38.95454430192591
-37.857393181376004
-39.50422543327787
-42.01882079272486
-38.87639756070605
-37.97392085943231
-40.38769763286467
-39.600118859244795
-40.31989842085803
-38.82499379247002
-38.76283836174474
-39.64524592468584
-39.65796461018566
-36.677551720373884
-39.60274663640269
-39.56734090636143
-38.85631621414256
-38.86905365198327
-38.83725255700915
-38.819627324191046
-39.62076580121043
-39.62162406312487
-38.89739263737726
-38.88000092051111
-39.49999872421965
-39.67023779850008
-38.811332830906494
-38.78607426767226
-38.901919164725555
-38.83326582611839
-38.81560567720884
-38.82911038221904
-39.54354977541246
-38.9227155013357
-38.81187286787162
-38.79314525933987
-38.7644587912083
-38.86436006837166
-39.71092087303169
-38.8348534470603
-38.835720388474634
-39.577971815183
-44.499260168995136
-38.878640175579164
-37.878903189011794
-38.78874479565302
-37.89808690865785
-42.746239291535076
-38.86425996016004
-39.609964142284795
-38.824573222049096
-38.76148252705295
-38.85527962880482
-38.77476876895558
-38.85523667707082
-38.75107683535495
-38.777954066682376
-38.80550798775961
-38.77510734448734
-38.85369107998054
-38.580911614274626
-38.89830932247458
-38.80079601811119
-38.856647448228465
-44.36589315028939
-38.827486277051726
-39.42816844180827
-38.771910340898906
-38.771546728634135
-38.674199835696484
-39.547906635204164
-39.59659565581814
-38.8753782117011
-37.018709950547624
-38.552041770106
-38.80583276331236
-38.798566722895174
-37.55189963986191
-38.883186693094835
-37.98519280505102
-38.826760837754875
-37.96136275945498
-38.78531882059711
-38.06068943293065
-37.93313692662618
-38.76278007309748
-38.781077784175956
-38.77276591262068
-38.88688138901682
-37.89321201260005
-38.75904084216642
-38.73464149438323
-37.853300047462994
