-21.84838575
-21.760996000000002
-21.652351500000005
-21.83970999999999
-21.59357075000001
-21.791241250000002
-21.635571749999997
-21.799768250000003
-21.61720625
-21.34909425
-21.621119
-21.66766325000001
-21.976001249999996
-21.763208250000012
-21.558795250000006
-21.638606
-21.628906499999996
-21.94402
-21.982201
-21.82240125
-21.647067249999996
-21.58347425
-21.700034500000005
-21.603726750000007
-21.699037500000006
-21.674526750000002
-21.839610250000003
-21.642528499999994
-21.607575250000004
-21.926792500000012
-21.879638999999997
-21.92735174999999
-21.746958500000005
-21.663202999999996
-21.57979575
-21.857390999999996
-21.80659425
-21.598760250000005
-29.408367499999997
-21.747639500000002
-21.684185250000006
-21.779242999999994
-21.849677000000007
-21.64907125000001
-21.843233750000003
-21.904690750000004
-21.934645000000003
-21.72953625
-21.876721250000003
-21.735772999999995
-21.677178750000003
-21.64920425
-21.847238749999985
-21.744854500000006
-21.866358250000005
-21.79131550000001
-21.753436250000004
-21.729325749999997
-22.076682249999994
-21.916036750000004
-21.726911250000004
-21.71892325
-21.753316499999993
-22.154538
-22.094912250000004
-21.846058749999994
-21.507285749999998
-21.46721125
-21.707564249999994
-21.726323250000004
-21.779622250000006
-22.1739985
-21.61785325
-21.579706499999993
-21.623387499999996
-21.70407425
-21.8183
-21.706117
-21.8338415
-21.664425500000004
-21.672279999999997
-22.065759000000003
-21.890935500000005
-21.58251075
-21.563634250000007
-21.695625000000007
-21.905837750000003
-21.7314625
-21.799489750000006
-21.912836
