-4.413769496529651
-4.370225151639372
-4.230335388535486
-4.606169316324585
-4.136188152228886
-4.46253464534399
-4.517279522918569
-4.490061624587382
-4.327234320048944
-4.0441732509507675
-4.5818030382835655
-4.246819949970816
-3.784208400864432
-4.824725141985341
-4.283729408888473
-4.6136167794578755
-4.282755387713951
-4.399261685501823
-4.27267595015015
-4.2547537064443315
-4.015160875657897
-4.324933350711878
-4.688722419407295
-4.009399838714902
-4.5762201898723145
-4.314511937349242
-4.221565210383416
-4.321543206407371
-4.205837485737127
-3.985150855658142
-4.34881207909153
-4.050206960614453
-4.44957867990518
-4.180022936743356
-4.3464685311277576
-4.028483302365804
-4.142644004219365
-4.592375100399867
-4.787687221558804
-3.9242342020817462
-4.063366357289481
-4.3221942835924345
-4.050882124772485
-4.402178877731462
-4.1887720889207545
-4.531569480713605
-5.018954127701869
-4.82632808040352
-4.611501152975726
-4.942643289700292
-4.315871516509335
-4.490520847187751
-4.522396974879213
-4.366813414514117
-4.9726756949902
-4.312930823874859
-4.227317659000853
-4.553237212904755
-4.129927510542046
