-4.4137694965296514
-4.370225151639372
-4.230335388535487
-4.606169316324585
-4.136188152228886
-4.4625346453439905
-4.517279522918568
-4.490061624587382
-4.327234320048944
-4.044173250950768
-4.5818030382835655
-4.246819949970816
-3.784208400864432
-4.824725141985341
-4.2837294088884725
-4.613616779457876
-4.2827553877139515
-4.399261685501823
-4.27267595015015
-4.254753706444332
-4.015160875657897
-4.324933350711878
-4.688722419407295
-4.009399838714902
-4.5762201898723145
-4.314511937349242
-4.221565210383416
-4.321543206407371
-4.205837485737127
-3.985150855658142
-4.3488120790915294
-4.050206960614453
-4.44957867990518
-4.180022936743357
-4.3464685311277576
-4.028483302365804
-4.142644004219365
-4.592375100399868
-4.787687221558804
-3.924234202081746
-4.063366357289481
-4.3221942835924345
-4.050882124772485
-4.402178877731462
-4.1887720889207545
-4.531569480713605
-5.018954127701869
-4.82632808040352
-4.611501152975727
-4.942643289700292
-4.315871516509335
-4.490520847187751
-4.5223969748792126
-4.366813414514117
-4.9726756949902
-4.312930823874859
-4.227317659000853
-4.5532372129047545
-4.129927510542046
-4.991528511469873
-4.880984087396367
-4.9880565388193245
-5.103017375749936
-4.252790767078594
-4.7588929271647125
-4.732185942876752
-4.494611308823533
-4.8324343803937335
-4.740734399600988
-4.12295283894923
-5.1464227143722825
-4.402718172898871
-4.7812984330730846
-4.608505120312849
-4.06239346987884
-4.581224478083375
-4.707194351529118
-4.535007128889399
-4.406575360927454
-4.689691160631449
-3.845770922981397
-4.552998799302706
-4.514524307891262
-4.525655135899383
-4.775295881183983
-4.789241303525907
-4.327213206641551
-4.920283638128535
-4.326815363834772
-4.615000902837706
-4.4877525505104385
-4.659971923614293
-4.169008208189712
-4.558863328550658
-4.9938316671178855
-5.082005078418547
-4.095162663082148
-4.283372073184903
-4.3035962918799715
-4.468830385387711
-4.344545814757615
-4.838469494410958
-4.293070470520947
-4.768051556229568
-4.64827473806284
-4.787747140010083
-4.682394708574514
-4.760889902856861
-4.180696006810051
-4.603950025213949
-4.459399136720782
-4.47264625221972
-5.133166463070476
-4.1933296518636585
-4.5737625900182035
-4.675380512827125
-4.3035678875136245
-4.184833883614243
-4.272107052384155
-4.263092239487397
-4.111096582253742
-4.807145146641036
-4.682760685974458
-4.18641917984273
-4.522204030082005
-4.6974559684223065
-4.2161081748342015
-4.917732506501954
-4.488144333197283
-5.761347092882353
-4.57352898129351
-4.430663518322801
-4.434676571381513
-4.339837873928817
-4.551818059193247
-4.532133441240079
-4.289920702669982
-4.5026108551640736
-4.695904698812325
-4.109489700976664
-4.371005939348619
-4.2865411327346346
-4.351041645363689
-4.267259603447463
-4.071664334982914
-4.259652997379886
-4.295301051098473
