-26.3608685
-32.38978325
-26.680102500000004
-34.20769825
-25.077223999999998
-27.63669275
-22.88946325
-24.22751875
-23.08118925000001
-22.576936999999994
-24.757744
-23.06471575
-22.41685575
-23.68509375
-21.8926045
-22.965061
-21.845060000000004
-22.64080425
-22.242150749999997
-23.23483125
-23.75022475
-22.28664025
-22.8574415
-22.3575885
-22.32571150000001
-22.1971795
-21.82694525
-21.87084325
-22.22281675000001
-21.940187000000005
-22.13459075
-24.03759675000001
-22.67596400000001
-22.94693
-21.987269750000006
-21.69436275
-22.210001000000002
-22.1401325
-22.191794249999994
-22.4485885
-22.12274724999999
-21.84657425
-21.67441075
-21.84799
-21.56530475
-21.773546
-21.76844900000001
-22.4154875
-21.75695125
-21.9364275
-21.560375500000006
-21.8687055
-21.71073550000001
-21.69036675
-29.01161325
-21.6563515
-21.7326035
-21.83550225
-21.778069750000004
-21.696304
-21.84838575
-21.760996
-21.652351500000005
-21.83970999999999
-21.59357075000001
-21.79124125
-21.63557175
-21.799768250000003
-21.61720625
-21.34909425
-21.621119
-21.66766325000001
-21.97600125
-21.76320825000001
-21.55879525000001
-21.638606
-21.6289065
-21.944020000000002
-21.982201
-21.82240125
-21.64706725
-21.58347425
-21.700034500000005
-21.60372675000001
-21.69903750000001
-21.67452675
-21.839610250000003
-21.642528499999994
-21.607575250000004
-21.92679250000001
-21.879639
-21.92735174999999
-21.746958500000005
-21.663203
-21.57979575
-21.857391
-21.80659425
-21.598760250000005
-29.4083675
-21.7476395
-21.68418525000001
-21.779242999999994
-21.84967700000001
-21.64907125000001
-21.843233750000003
-21.904690750000004
-21.934645000000003
-21.72953625
-21.876721250000006
-21.735772999999995
-21.677178750000003
-21.64920425
-21.847238749999985
-21.74485450000001
-21.866358250000005
-21.79131550000001
-21.753436250000004
-21.72932575
-22.076682249999994
-21.916036750000004
-21.726911250000004
-21.71892325
-21.753316499999997
-22.154538
-22.094912250000004
-21.846058749999994
-21.50728575
-21.46721125
-21.707564249999994
-21.726323250000004
-21.77962225000001
-22.1739985
-21.61785325
-21.579706499999997
-21.6233875
-21.70407425
-21.8183
-21.706117000000003
-21.833841500000002
-21.664425500000004
-21.67228
-22.065759000000003
-21.890935500000005
-21.58251075
-21.56363425000001
-21.69562500000001
-21.905837750000003
-21.7314625
-21.79948975000001
-21.912836
