-4.991528511469873
-4.880984087396367
-4.988056538819324
-5.103017375749936
-4.252790767078594
-4.7588929271647125
-4.732185942876752
-4.494611308823533
-4.832434380393734
-4.740734399600988
-4.12295283894923
-5.1464227143722825
-4.402718172898871
-4.781298433073085
-4.608505120312849
-4.06239346987884
-4.581224478083375
-4.707194351529118
-4.535007128889399
-4.406575360927454
-4.689691160631449
-3.8457709229813966
-4.552998799302706
-4.514524307891261
-4.525655135899383
-4.775295881183983
-4.789241303525907
-4.327213206641551
-4.920283638128535
-4.326815363834772
-4.615000902837706
-4.487752550510438
-4.659971923614293
-4.169008208189713
-4.558863328550658
-4.9938316671178855
-5.082005078418547
-4.095162663082147
-4.283372073184903
-4.303596291879972
-4.468830385387711
-4.344545814757615
-4.838469494410958
-4.293070470520946
-4.768051556229569
-4.64827473806284
-4.787747140010083
-4.682394708574515
-4.760889902856861
-4.180696006810052
-4.603950025213949
-4.459399136720781
-4.47264625221972
-5.133166463070477
-4.1933296518636585
-4.573762590018203
-4.675380512827125
-4.3035678875136245
-4.184833883614243
-4.272107052384155
-4.263092239487397
-4.111096582253742
-4.8071451466410355
-4.682760685974458
-4.18641917984273
-4.522204030082005
-4.6974559684223065
-4.2161081748342015
-4.917732506501954
-4.488144333197283
-5.761347092882352
-4.57352898129351
-4.430663518322801
-4.434676571381514
-4.339837873928816
-4.551818059193246
-4.532133441240079
-4.289920702669981
-4.5026108551640736
-4.695904698812325
-4.109489700976664
-4.371005939348618
-4.286541132734635
-4.351041645363689
-4.267259603447463
-4.071664334982914
-4.259652997379887
-4.295301051098474
