-26.3608685
-32.38978325
-26.680102500000004
-34.20769825
-25.077224
-27.636692749999998
-22.889463250000002
-24.22751875
-23.08118925000001
-22.576936999999994
-24.757744000000002
-23.06471575
-22.416855749999996
-23.685093749999997
-21.8926045
-22.965061
-21.845060000000004
-22.640804250000002
-22.242150749999993
-23.234831249999996
-23.75022475
-22.286640249999998
-22.8574415
-22.357588500000002
-22.325711500000015
-22.197179499999997
-21.826945249999998
-21.870843249999997
-22.222816750000007
-21.940187000000005
-22.134590749999997
-24.037596750000006
-22.675964000000008
-22.94693
-21.987269750000003
-21.694362749999996
-22.210001
-22.140132499999996
-22.191794249999994
-22.4485885
-22.12274724999999
-21.84657425
-21.67441075
-21.84799
-21.56530475
-21.773546
-21.768449000000007
-22.415487499999998
-21.756951249999997
-21.936427499999997
-21.560375500000003
-21.868705499999997
-21.710735500000006
-21.69036675
-29.01161325
-21.656351499999996
-21.732603499999996
-21.835502249999998
-21.778069750000004
-21.696303999999998
