-40.38464238338169
-53.74936149081441
-43.464869948060695
-54.57510612798027
-50.13713654057104
-49.53569533022769
-40.130775336516436
-46.40689772300247
-51.0728323979226
-40.72358340890375
-52.87367944179671
-42.481480442936174
-42.977924878439566
-49.56236831726046
-41.72253308286032
-50.93838205281217
-44.694696328104754
-42.47440868209323
-41.966018217998815
-48.064123283463665
-45.47668119474372
-48.000986846056136
-44.18174944847858
-38.60157958302335
-42.66745962077928
-43.20783809229327
-40.82165402047561
-38.58566302760618
-39.599369402544596
-38.683150658885886
-39.705637291097425
-37.699273795365364
-39.571321513516146
-38.75502399229328
-39.60496243648242
-39.6328554413691
-39.175698354770745
-38.7314683180703
-39.61627014238745
-38.6116329721694
-40.438572884686224
-36.953349903812
-38.87912642987088
-37.65172793598433
-38.78614772337461
-38.80296554733728
-39.636059677236624
-39.47330168910357
-39.55028359057955
-47.68168646095218
-38.86902072474902
-37.751485880262855
-38.74717510204761
-36.93681504718195
-44.99068548257754
-39.64184407614655
-38.784817413380324
-39.46337359030826
-38.83428945407336
-37.91177628475718
-38.814116900231575
-37.80654632379694
-38.53703849562663
-38.81385939756557
-38.75593234297414
-39.69162122191045
-39.65047594308487
-37.604858704252266
-38.81132525489106
-38.735880093091325
-39.52437468254633
-44.9125966436439
-38.78886318747712
-38.80404763874849
-38.8021818431096
-38.043290183101405
-38.80366079688556
-39.60947719232173
-39.56083513771203
-37.827752934193384
-36.78707157794955
-37.586033702653815
-38.747152805537674
-38.832165442343815
-36.70509026786758
-38.104904022524686
-37.013379267740994
-37.84939038704777
-38.83851084242555
-38.746682786599
-37.94197084995549
-38.076833944901296
-38.012911247913024
-38.82611321656578
-38.785063739256564
-38.900801363343746
-38.023044425619524
-38.732244958303475
-38.802552815280315
-37.71670112593392
-39.694940677292855
-39.469768494351335
-39.63323093664975
-51.49904992128057
-38.939480560344364
-38.90193978327139
-38.97788025909976
-38.95454430192591
-37.857393181376
-39.50422543327787
-42.01882079272486
-38.876397560706046
-37.97392085943231
-40.38769763286467
-39.600118859244795
-40.31989842085803
-38.824993792470025
-38.76283836174474
-39.645245924685845
-39.65796461018566
-36.67755172037389
-39.602746636402685
-39.56734090636143
-38.85631621414256
-38.86905365198327
-38.83725255700915
-38.819627324191046
-39.62076580121043
-39.62162406312487
-38.89739263737726
-38.88000092051111
-39.499998724219644
-39.67023779850008
-38.811332830906494
-38.786074267672255
-38.90191916472556
-38.83326582611839
-38.81560567720884
-38.829110382219035
-39.54354977541246
-38.9227155013357
-38.81187286787162
-38.793145259339866
-38.7644587912083
-38.86436006837166
-39.71092087303169
-38.8348534470603
-38.83572038847464
-39.577971815183
-44.499260168995136
-38.87864017557917
-37.87890318901179
-38.788744795653024
-37.89808690865785
-42.746239291535076
-38.86425996016004
-39.609964142284795
-38.824573222049096
-38.76148252705295
-38.85527962880482
-38.77476876895558
-38.85523667707082
-38.75107683535495
-38.777954066682376
-38.80550798775961
-38.775107344487346
-38.85369107998054
-38.58091161427463
-38.89830932247458
-38.800796018111186
-38.85664744822847
-44.365893150289395
-38.827486277051726
-39.428168441808275
-38.771910340898906
-38.771546728634135
-38.67419983569648
-39.54790663520416
-39.59659565581814
-38.875378211701104
-37.01870995054762
-38.552041770106
-38.80583276331236
-38.798566722895174
-37.55189963986191
-38.88318669309484
-37.98519280505102
-38.82676083775488
-37.96136275945498
-38.78531882059711
-38.06068943293065
-37.93313692662618
-38.762780073097474
-38.781077784175956
-38.77276591262068
-38.88688138901682
-37.893212012600046
-38.75904084216642
-38.734641494383226
-37.853300047462994
