48
65
52
66
61
60
48
56
62
49
64
51
52
60
50
62
54
51
50
58
55
58
53
46
51
52
49
46
47
46
47
45
47
46
47
47
47
46
47
46
48
44
46
45
46
46
47
47
47
57
46
45
46
44
54
47
46
47
46
45
46
45
46
46
46
47
47
45
46
46
47
54
46
46
46
45
46
47
47
45
44
45
46
46
44
45
44
45
46
46
45
45
45
46
46
46
45
46
46
45
47
47
47
62
46
46
46
46
45
47
50
46
45
48
47
48
46
46
47
47
44
47
47
46
46
46
46
47
47
46
46
47
47
46
46
46
46
46
46
47
46
46
46
46
46
47
46
46
47
53
46
45
46
45
51
46
47
46
46
46
46
46
46
46
46
46
46
46
46
46
46
53
46
47
46
46
46
47
47
46
44
46
46
46
45
46
45
46
45
46
45
45
46
46
46
46
45
46
46
45
