-7.118297576904297,3.053574562072754,-0.3869287371635437,-0.2721615433692932,-0.758660614490509,-0.3618866503238678
-4.850902557373047,2.503868341445923,-0.3469809591770172,-0.2106700986623764,-0.42817121744155884,-0.3179563581943512
-3.9832801818847656,1.7373266220092773,-0.26490065455436707,-0.21440498530864716,-0.4556805193424225,-0.2773718535900116
-3.7455601692199707,1.7926071882247925,-0.24699750542640686,-0.1999402642250061,-0.3495464026927948,-0.2603618800640106
-3.503969192504883,1.6185661554336548,-0.2257358431816101,-0.17578592896461487,-0.32392680644989014,-0.18601231276988983
-3.2179722785949707,1.6522305011749268,-0.20581556856632233,-0.14187461137771606,-0.2933395504951477,-0.23275905847549438
-2.600991725921631,1.522438406944275,-0.15651793777942657,-0.13080117106437683,-0.24084646999835968,-0.19735725224018097
-2.1710922718048096,1.3077532052993774,-0.16221855580806732,-0.10546629875898361,-0.24317242205142975,-0.16924577951431274
-1.979260802268982,0.9957320094108582,-0.114292673766613,-0.09737753123044968,-0.1887306571006775,-0.1366230994462967
-2.0636723041534424,1.1651874780654907,-0.1222858875989914,-0.10739623755216599,-0.2017166167497635,-0.1461438089609146
-1.7451984882354736,1.002598762512207,-0.0944843664765358,-0.10765496641397476,-0.158872589468956,-0.14654181897640228
-1.4664965867996216,1.1589713096618652,-0.09930592030286789,-0.074680857360363,-0.14501450955867767,-0.11901599913835526
-1.8861438035964966,0.8467365503311157,-0.11141371726989746,-0.07632345706224442,-0.16141213476657867,-0.12567353248596191
-1.2706363201141357,0.6983448266983032,-0.08991042524576187,-0.07501503080129623,-0.15730224549770355,-0.10430574417114258
-1.4117587804794312,0.686306357383728,-0.10812535881996155,-0.08909893780946732,-0.17297986149787903,-0.11025366932153702
-1.18696928024292,0.608750581741333,-0.08930351585149765,-0.07780835777521133,-0.1712832748889923,-0.10364699363708496
-1.4540622234344482,0.6661285758018494,-0.08206234127283096,-0.06809638440608978,-0.1458916962146759,-0.08914036303758621
-1.1934289932250977,0.7679396867752075,-0.08275645971298218,-0.06335631012916565,-0.12528061866760254,-0.08348843455314636
-1.2315064668655396,0.5555438995361328,-0.0799446627497673,-0.06510964781045914,-0.13630706071853638,-0.08001695573329926
-1.2635549306869507,0.5210949778556824,-0.06732594221830368,-0.05986338108778,-0.13586758077144623,-0.07921263575553894
-1.3067221641540527,0.5610652565956116,-0.06591948121786118,-0.05407017096877098,-0.1292569637298584,-0.07722301781177521
-1.1277668476104736,0.5122929215431213,-0.06578033417463303,-0.06496603786945343,-0.11507236957550049,-0.07807067781686783
-1.1515440940856934,0.4797533452510834,-0.06899826228618622,-0.04798261076211929,-0.10333610326051712,-0.08018077909946442
-0.9790870547294617,0.46941256523132324,-0.07747355103492737,-0.047067951411008835,-0.10875067859888077,-0.08129563182592392
-0.9727784991264343,0.5010679960250854,-0.06589992344379425,-0.05338088050484657,-0.12130319327116013,-0.07795931398868561
-1.334313988685608,0.43811994791030884,-0.0645257979631424,-0.05206333473324776,-0.1223694384098053,-0.07682103663682938
-1.0721074342727661,0.44464218616485596,-0.06283273547887802,-0.04823368042707443,-0.10629711300134659,-0.07274412363767624
-0.9039926528930664,0.33160728216171265,-0.05855430290102959,-0.04598325863480568,-0.1285049021244049,-0.07947079837322235
-1.0656169652938843,0.4010730981826782,-0.06754293292760849,-0.03785094991326332,-0.12554262578487396,-0.08131973445415497
11.924763679504395,13.080697059631348,-0.9025242328643799,-1.2782918214797974,1.271246075630188,0.6047174334526062
11.86548137664795,9.777508735656738,-0.6946154236793518,-1.0326868295669556,1.1808222532272339,0.5632031559944153
10.49315357208252,7.743518829345703,-0.7923777103424072,-1.0120525360107422,0.9987213015556335,0.5410536527633667
9.312708854675293,8.422994613647461,-0.6019819378852844,-0.7158513069152832,0.8806694149971008,0.45864444971084595
8.210687637329102,7.289784908294678,-0.5516700148582458,-0.7467579245567322,0.8072008490562439,0.41224241256713867
6.328641414642334,6.2605204582214355,-0.5570107102394104,-0.6497745513916016,0.7702397704124451,0.5418298840522766
7.180351734161377,5.353927135467529,-0.42917951941490173,-0.5240715742111206,0.6452920436859131,0.5390709638595581
5.643359184265137,5.38168478012085,-0.43065741658210754,-0.5286062955856323,0.6218819618225098,0.4544954299926758
4.219629287719727,5.112172603607178,-0.38689756393432617,-0.591221272945404,0.5600282549858093,0.406289666891098
4.263312816619873,5.512404918670654,-0.32135334610939026,-0.4200323522090912,0.4378160536289215,0.46607038378715515
3.8221652507781982,5.268664836883545,-0.2653532326221466,-0.44767525792121887,0.365620881319046,0.39775344729423523
3.6611361503601074,4.285562992095947,-0.31298476457595825,-0.48245909810066223,0.37177804112434387,0.38867002725601196
3.2839488983154297,4.1882123947143555,-0.25566062331199646,-0.3426364064216614,0.337603360414505,0.33211633563041687
3.0604970455169678,3.5455644130706787,-0.26608529686927795,-0.4094739556312561,0.3474808633327484,0.34184950590133667
2.810887575149536,3.211317777633667,-0.220647394657135,-0.31364819407463074,0.33400753140449524,0.2944008708000183
2.8228237628936768,3.642922878265381,-0.26574426889419556,-0.35613423585891724,0.358807235956192,0.35838815569877625
2.682737112045288,3.095733404159546,-0.1997581273317337,-0.29436564445495605,0.2791166305541992,0.34390050172805786
2.3945329189300537,2.9527080059051514,-0.25242409110069275,-0.34032151103019714,0.24379010498523712,0.26889511942863464
2.3762903213500977,3.6187126636505127,-0.21547619998455048,-0.27521800994873047,0.24961236119270325,0.25231173634529114
2.2185449600219727,3.31591796875,-0.18469637632369995,-0.32719606161117554,0.23827005922794342,0.32354602217674255
2.677600145339966,3.0633926391601562,-0.21828864514827728,-0.2607184946537018,0.23063400387763977,0.2807440161705017
1.6890363693237305,2.685365915298462,-0.2323579043149948,-0.21659690141677856,0.26844170689582825,0.31746625900268555
2.2827930450439453,2.9668900966644287,-0.16983382403850555,-0.30953747034072876,0.19763268530368805,0.2970401644706726
1.745210886001587,2.476909637451172,-0.18772312998771667,-0.32911163568496704,0.2408003956079483,0.27329036593437195
2.4365694522857666,2.9154744148254395,-0.19169874489307404,-0.3438134789466858,0.22605836391448975,0.24390995502471924
2.376040458679199,3.085212469100952,-0.19736358523368835,-0.2895873486995697,0.17954754829406738,0.3002471327781677
2.2188966274261475,3.033576488494873,-0.15684935450553894,-0.24970626831054688,0.23808211088180542,0.31213605403900146
