-7.315738201141357,3.12488055229187,-0.3966781198978424,-0.278516948223114,-0.7793961763381958,-0.36609748005867004
-5.065300941467285,2.646559476852417,-0.36170753836631775,-0.2226758897304535,-0.4469414949417114,-0.3256079852581024
-4.232441425323486,1.880722999572754,-0.28075554966926575,-0.23210176825523376,-0.48397961258888245,-0.2871096432209015
-4.046301364898682,1.9576385021209717,-0.2654140293598175,-0.21834732592105865,-0.3773123621940613,-0.2713603079319
-3.8474700450897217,1.7818105220794678,-0.2458830624818802,-0.1935153752565384,-0.35526207089424133,-0.1954183429479599
-3.5777764320373535,1.8238431215286255,-0.22644741833209991,-0.1566108614206314,-0.325627863407135,-0.2462180256843567
-2.935002326965332,1.6944260597229004,-0.1743914932012558,-0.14557774364948273,-0.27126795053482056,-0.2108014076948166
-2.46390962600708,1.4623104333877563,-0.18162217736244202,-0.11793101578950882,-0.27545031905174255,-0.18166658282279968
-2.2474844455718994,1.1170798540115356,-0.1280437707901001,-0.10924489051103592,-0.2139410376548767,-0.1470051109790802
-2.342803955078125,1.3085805177688599,-0.13693620264530182,-0.12061308324337006,-0.22864721715450287,-0.15736421942710876
-1.9782607555389404,1.1286706924438477,-0.10566402971744537,-0.12119226902723312,-0.17986491322517395,-0.15793021023273468
-1.6542768478393555,1.3069175481796265,-0.11054664105176926,-0.08421427011489868,-0.16345156729221344,-0.12787680327892303
-2.1081976890563965,0.9607817530632019,-0.12306536734104156,-0.08660349994897842,-0.18040555715560913,-0.13437573611736298
-1.4184914827346802,0.7935827374458313,-0.09918057918548584,-0.0852455273270607,-0.1756538599729538,-0.11154021322727203
-1.5585983991622925,0.7812732458114624,-0.11806938797235489,-0.10142816603183746,-0.19115395843982697,-0.11696720123291016
-1.2992517948150635,0.6946957111358643,-0.09674414992332458,-0.0887937992811203,-0.18778297305107117,-0.1092868223786354
-1.5727815628051758,0.7622361183166504,-0.08794072270393372,-0.07792140543460846,-0.15816502273082733,-0.09318128228187561
-1.2842087745666504,0.8807734847068787,-0.08822730928659439,-0.0726655125617981,-0.13518664240837097,-0.08688919991254807
-1.311018705368042,0.6409560441970825,-0.08436093479394913,-0.07512018084526062,-0.14561128616333008,-0.0824807807803154
-1.336058497428894,0.6030294895172119,-0.07056029140949249,-0.06927625089883804,-0.14422720670700073,-0.08108366280794144
-1.3739538192749023,0.6508758664131165,-0.06869345903396606,-0.0627254918217659,-0.13649490475654602,-0.0785989835858345
-1.1797024011611938,0.5964982509613037,-0.06819000840187073,-0.07564475387334824,-0.12094362080097198,-0.07904452085494995
-1.1971142292022705,0.5602015256881714,-0.07104003429412842,-0.05602886527776718,-0.10796716809272766,-0.08049125224351883
-1.0128979682922363,0.5499921441078186,-0.07934458553791046,-0.05514788627624512,-0.11310096830129623,-0.08106481283903122
-0.9983157515525818,0.5897430181503296,-0.06693162024021149,-0.06282807141542435,-0.12518058717250824,-0.07697620242834091
-1.3587819337844849,0.5189595222473145,-0.06500399112701416,-0.06167007237672806,-0.12534099817276,-0.07509554177522659
-1.0916630029678345,0.5284712314605713,-0.06324809044599533,-0.0573275163769722,-0.10889188200235367,-0.07095753401517868
-0.9164087772369385,0.3960258960723877,-0.05864305794239044,-0.054916318506002426,-0.1310758888721466,-0.0769534781575203
-1.0749320983886719,0.48038575053215027,-0.06727289408445358,-0.045336250215768814,-0.12743239104747772,-0.07813340425491333
-1.060218334197998,0.3912005126476288,-0.06260380148887634,-0.04378017783164978,-0.09994333982467651,-0.059544846415519714
-1.2279067039489746,0.5169990062713623,-0.0740954726934433,-0.04327484965324402,-0.09891630709171295,-0.06419272720813751
-1.2338500022888184,0.4351256489753723,-0.05869780480861664,-0.05271526053547859,-0.11404722183942795,-0.055877964943647385
-22.996641159057617,-7.2868971824646,-1.1419864892959595,0.8548917174339294,-2.077291250228882,0.7219760417938232
-17.67010498046875,-6.205150127410889,-1.0822969675064087,0.7259299159049988,-1.5222755670547485,0.6818867325782776
-14.050642013549805,-5.672630310058594,-0.774562418460846,0.5435022711753845,-1.4071379899978638,0.5145516395568848
-11.161175727844238,-5.582453727722168,-0.7698193788528442,0.4457750618457794,-1.1418782472610474,0.5218859314918518
-8.752480506896973,-3.968055009841919,-0.5771291851997375,0.3663046061992645,-0.837716281414032,0.4017561674118042
-7.204011917114258,-3.5660529136657715,-0.567274808883667,0.3207661509513855,-0.6810436844825745,0.4400551915168762
-8.072025299072266,-2.3964648246765137,-0.4439184367656708,0.25713545083999634,-0.7543057799339294,0.3640338182449341
-5.534799575805664,-2.489330768585205,-0.3241404592990875,0.23529329895973206,-0.6178393363952637,0.3520706593990326
-4.619929790496826,-1.9764313697814941,-0.2657998204231262,0.21823298931121826,-0.46369507908821106,0.38693228363990784
-4.722665786743164,-1.7264869213104248,-0.2931910455226898,0.14877451956272125,-0.3996775150299072,0.31347787380218506
-3.5819194316864014,-1.647768259048462,-0.24798710644245148,0.14574043452739716,-0.3841972053050995,0.24877774715423584
-3.375901937484741,-1.4124326705932617,-0.24129411578178406,0.12099435925483704,-0.3877699673175812,0.22344432771205902
-3.802338123321533,-1.0641839504241943,-0.1880466192960739,0.11767009645700455,-0.35810866951942444,0.23022668063640594
-2.743912696838379,-0.9252563118934631,-0.17057092487812042,0.07532663643360138,-0.23103056848049164,0.17028218507766724
-2.374678611755371,-0.8370913863182068,-0.1477816104888916,0.09021417051553726,-0.2605458199977875,0.16403016448020935
-2.1544787883758545,-0.6275611519813538,-0.1719346046447754,0.06498141586780548,-0.22432927787303925,0.1596628874540329
-2.3095171451568604,-0.5460583567619324,-0.157724991440773,0.04859056696295738,-0.2590879201889038,0.16771554946899414
-2.086850643157959,-0.4326261878013611,-0.130154088139534,0.04618629068136215,-0.18347828090190887,0.16099503636360168
-1.850051760673523,-0.3545769155025482,-0.13797710835933685,0.031672000885009766,-0.22068363428115845,0.17327290773391724
-2.007394313812256,-0.23709417879581451,-0.14724721014499664,0.02295071817934513,-0.24212715029716492,0.16767023503780365
-2.373551607131958,-0.13636542856693268,-0.1383092850446701,0.013919700868427753,-0.16220499575138092,0.168720543384552
-1.6614362001419067,-0.06664589792490005,-0.116888627409935,0.005778788588941097,-0.14642302691936493,0.1326168179512024
-1.704543113708496,0.018524419516324997,-0.1003672182559967,-0.001876969006843865,-0.18412061035633087,0.1632821410894394
-1.3431663513183594,0.08416008949279785,-0.12792333960533142,-0.009983436204493046,-0.1258450299501419,0.13966397941112518
-1.8708332777023315,0.16383594274520874,-0.126954585313797,-0.014430451206862926,-0.1884569227695465,0.13617804646492004
-1.8336008787155151,0.1492731124162674,-0.11760667711496353,-0.019192375242710114,-0.16368535161018372,0.13125094771385193
-1.7632001638412476,0.249161034822464,-0.11055098474025726,-0.023958783596754074,-0.13627099990844727,0.10892853140830994
