842.8701496124268
789.6694865226746
841.7521755695343
832.145956993103
808.6782381534576
822.8835296630859
824.7262284755707
819.2326183319092
822.9748258590698
828.8476905822754
821.7185442447662
828.9794633388519
803.5198903083801
844.2261776924133
824.775954246521
817.8559384346008
824.0725588798523
797.5061616897583
790.2245373725891
780.0982551574707
802.142609834671
805.2648375034332
825.0866794586182
829.255884885788
824.1933534145355
833.1378462314606
845.2664754390717
851.3635637760162
847.8859300613403
842.8609766960144
