858.5989143848419
779.3551166057587
780.3294486999512
773.7484471797943
780.0973002910614
769.2425961494446
757.523464679718
747.2021284103394
748.2657687664032
762.5978946685791
762.811705827713
739.4730358123779
720.5261845588684
722.301545381546
733.1419680118561
721.9907896518707
726.9381692409515
740.7167851924896
770.3535368442535
753.6204268932343
759.4803593158722
753.2835927009583
735.7057437896729
734.5939853191376
738.8219149112701
748.0535490512848
736.7215843200684
742.2890174388885
725.4034476280212
750.3183844089508
