-14.0753969976671
-18.418605703466234
-15.082833051849875
-18.725955711386604
-17.107267142474818
-16.379538851673345
-14.37039385389085
-16.04479969047306
-17.38596793475203
-14.08524380909602
-17.30205286341037
-15.320042578430748
-15.467172152999492
-17.1825247184448
-14.519074807987694
-16.81884205431001
-15.850215674892958
-15.297779289461632
-14.271782209303806
-17.037020325745516
-16.6641857409033
-16.421916218178378
-15.192842397563112
-13.851662383528014
-14.733513238452584
-16.397800169005322
-14.302448394945461
-15.97187166627601
-15.418108744283604
-14.858993047425859
-17.12108497169392
-15.802436526763426
-14.434244802284471
-14.018413728252739
-16.858487904881326
-15.337826589637139
-17.009638650425128
-15.532867733370841
-14.6166108933823
-13.67231527774147
-14.024313360844705
-14.53077332726473
-13.124256206104812
-16.099966311825604
-14.353731653724953
-13.185771904218939
-16.314920718566206
-14.478399421878121
-17.03014642143763
-16.27614555835907
-14.349886744998047
-15.638100011659626
-16.236661298952146
-16.589759946408602
-17.296812621948607
-16.089309876466835
-12.852393276353565
-14.942207533636745
-17.646595632308664
-14.02834393520935
-13.85006814828377
-13.0216159140855
-13.895241867828592
-14.169628619777264
-14.502546135984048
-15.724949051053786
-15.098814595844111
-16.782364646845025
-17.29239550325523
-13.493701928059021
-17.437051792786292
-16.118599146072587
-15.42969004595985
-14.193648164248348
-13.067047470090344
-14.268318698510964
-14.817884821782593
-13.93578740654392
-15.142728302033502
-14.75150089807484
-13.328381724696964
-15.398432415830937
-12.747013640085582
-13.762407416027555
-12.858360191325733
-13.131220265988217
-13.71930220225422
-14.115068611981174
-13.362600479229442
-12.85171044021024
-13.355258664941623
-13.192177600221449
-13.628791969865524
-15.445060453261561
-12.523947579108125
-13.230612748195567
-13.467273093502154
-15.314475319051937
-12.868885392551736
-13.286403642498062
