-45.53541394517818
-45.09832165197344
-44.980772115714075
-44.82785764335525
-45.319135356961
-45.3557293395211
-45.8371919699325
-46.113405746093214
-45.74963087052434
-44.940431623266306
-45.31874139629703
-46.35531463185438
-46.18030435403469
-46.004612396710606
-46.453957565422165
-46.264700230608696
-46.29966338325287
-45.556752860027345
-46.71433103409854
-46.483839683485876
-47.73301399619469
-47.170375409144874
-46.671828531883925
-46.585082398177775
-47.16480603605064
-47.25609026544829
-46.90090396851693
-47.67885664542034
-47.687623735158546
-46.972079451261266
-47.275540413679565
-47.01919369722169
-47.4092745511575
-46.34940326209224
-47.543029160267075
-47.19617230547979
-46.2436975865763
-47.65146578353349
-47.05092467376972
-46.42027276484489
